{
 "cells": [
  {
   "cell_type": "markdown",
   "id": "cc42d2a0",
   "metadata": {},
   "source": [
    "# Day 4: Lesson: 3D Rotations\n",
    "\n",
    "CSSE 461 / Rose-Hulman Institute of Technology / Winter 2025-26\n",
    "\n",
    "Kyle Wilson"
   ]
  },
  {
   "cell_type": "markdown",
   "id": "0b70b519",
   "metadata": {},
   "source": [
    "This notebook is a sandbox for exploring 3D rotations."
   ]
  },
  {
   "cell_type": "code",
   "execution_count": 2,
   "id": "98ace6e5",
   "metadata": {},
   "outputs": [],
   "source": [
    "# this is the best 3D rotations import in Python\n",
    "import numpy as np\n",
    "from scipy.spatial.transform import Rotation as R\n"
   ]
  },
  {
   "cell_type": "code",
   "execution_count": 3,
   "id": "c42b4601",
   "metadata": {},
   "outputs": [
    {
     "data": {
      "text/plain": [
       "array([[ 0.94662836,  0.09543565,  0.30787461],\n",
       "       [ 0.18088188, -0.9478716 , -0.26233791],\n",
       "       [ 0.26678921,  0.30402545, -0.91454472]])"
      ]
     },
     "execution_count": 3,
     "metadata": {},
     "output_type": "execute_result"
    }
   ],
   "source": [
    "# Let's look at a random 3D rotation:\n",
    "rot = R.random().as_matrix()\n",
    "\n",
    "# rot @ rot.T \n",
    "rot"
   ]
  },
  {
   "cell_type": "markdown",
   "id": "34a966fd",
   "metadata": {},
   "source": [
    "scipy has its own internal representation of 3D rotations called `scipy.spatial.transform._rotation.Rotation`. (Under the hood, it uses a slick representation called a unit quarternion. The math is very slick, but not for today.)\n",
    "\n",
    "For our uses, we can display the same rotation in different ways:\n",
    "\n",
    "1. as a rotation matrix: `.as_matrix()`\n",
    "1. as a unit quaternion: `.as_quat()`\n",
    "1. as a rotation vector: `as_rotvec()`\n",
    "\n",
    "The first and third options are worth our attention today."
   ]
  },
  {
   "cell_type": "code",
   "execution_count": null,
   "id": "82b69a1b",
   "metadata": {},
   "outputs": [
    {
     "data": {
      "text/plain": [
       "array([ 0.30787461, -0.26233791, -0.91454472])"
      ]
     },
     "execution_count": 5,
     "metadata": {},
     "output_type": "execute_result"
    }
   ],
   "source": [
    "# camera - to - world : NO\n",
    "# world - to - camera : YES\n",
    "z = np.array([0, 0, 1])\n",
    "rot @ z\n"
   ]
  },
  {
   "cell_type": "code",
   "execution_count": 6,
   "id": "d7728b8b",
   "metadata": {},
   "outputs": [
    {
     "data": {
      "text/plain": [
       "array([[ 0.94662836,  0.18088188,  0.26678921],\n",
       "       [ 0.09543565, -0.9478716 ,  0.30402545],\n",
       "       [ 0.30787461, -0.26233791, -0.91454472]])"
      ]
     },
     "execution_count": 6,
     "metadata": {},
     "output_type": "execute_result"
    }
   ],
   "source": [
    "# this is camera - to - world\n",
    "rot.T"
   ]
  },
  {
   "cell_type": "code",
   "execution_count": 7,
   "id": "b9d4edb1",
   "metadata": {},
   "outputs": [
    {
     "data": {
      "text/plain": [
       "array([[ 1.00000000e+00,  1.38777878e-17,  5.55111512e-17],\n",
       "       [ 1.38777878e-17,  1.00000000e+00, -5.55111512e-17],\n",
       "       [ 5.55111512e-17, -5.55111512e-17,  1.00000000e+00]])"
      ]
     },
     "execution_count": 7,
     "metadata": {},
     "output_type": "execute_result"
    }
   ],
   "source": [
    "rot @ rot.T"
   ]
  },
  {
   "cell_type": "code",
   "execution_count": null,
   "id": "eb0c85cb",
   "metadata": {},
   "outputs": [],
   "source": []
  }
 ],
 "metadata": {
  "kernelspec": {
   "display_name": "csse461",
   "language": "python",
   "name": "python3"
  },
  "language_info": {
   "codemirror_mode": {
    "name": "ipython",
    "version": 3
   },
   "file_extension": ".py",
   "mimetype": "text/x-python",
   "name": "python",
   "nbconvert_exporter": "python",
   "pygments_lexer": "ipython3",
   "version": "3.8.10"
  }
 },
 "nbformat": 4,
 "nbformat_minor": 5
}
